277, 282, 290, 307, 327, 349, 368, 372, 379, 395, 410, 440, 441, 447, 479, 489, 493, 498, 505, 511, 
282, 290, 307, 327, 349, 362, 372, 395, 410, 441, 445, 454, 479, 489, 492, 498, 505, 507, 511, 
290, 301, 304, 307, 308, 325, 327, 347, 349, 362, 372, 395, 410, 479, 491, 492, 498, 505, 507, 511, 
304, 307, 327, 349, 362, 368, 372, 385, 441, 452, 479, 491, 498, 505, 507, 510, 511, 544, 547, 
307, 325, 327, 349, 359, 362, 363, 368, 374, 379, 399, 426, 452, 479, 498, 505, 507, 510, 511, 522, 
325, 327, 349, 359, 362, 363, 368, 374, 379, 385, 399, 405, 426, 441, 452, 479, 498, 505, 507, 510, 
327, 349, 355, 359, 362, 363, 368, 379, 399, 405, 423, 426, 441, 447, 452, 479, 483, 498, 507, 567, 
349, 355, 359, 362, 363, 368, 374, 379, 395, 399, 405, 426, 441, 447, 452, 479, 498, 507, 567, 588, 
349, 355, 362, 363, 368, 374, 379, 395, 399, 426, 441, 452, 454, 479, 483, 503, 507, 510, 567, 588, 
362, 363, 368, 374, 379, 381, 393, 399, 441, 454, 458, 483, 503, 514, 547, 567, 578, 599, 602, 
368, 374, 379, 381, 383, 393, 437, 441, 445, 454, 483, 539, 547, 567, 578, 599, 602, 
368, 379, 381, 393, 399, 405, 430, 445, 447, 454, 458, 470, 483, 502, 539, 547, 567, 578, 599, 602, 
393, 395, 399, 405, 410, 430, 445, 454, 458, 483, 547, 567, 578, 599, 611,